000288 
000816 
000465 
000205 
001009 
000964 
000111 
000100 
001088 
000580 
000865 
000708 
001013 
000582 
000318 
001155 
000693 
000493 
000106 
001121 
000696 
001030 
000377 
000845 
001165 
000223 
000535 
001093 
000480 
000227 
000002 
000821 
000179 
000705 
000413 
000119 
001136 
000120 
001125 
000523 
000335 
000279 
000034 
000707 
000592 
000969 
000605 
000638 
000557 
000508 
000768 
000095 
001150 
000189 
001082 
000912 
000851 
001037 
001119 
001056 
000419 
000149 
001011 
000838 
000423 
000794 
000122 
000805 
000721 
000098 
000577 
000244 
001092 
000295 
001152 
000017 
000539 
000890 
000164 
000797 
000783 
000109 
000519 
000503 
000634 
000736 
000518 
000743 
000315 
000159 
000110 
000824 
000694 
000655 
000184 
000998 
000956 
001025 
000225 
001067 
001112 
001100 
000213 
000231 
000659 
001014 
000737 
000534 
000430 
000624 
000815 
000196 
000211 
000899 
000444 
000963 
000340 
000055 
001010 
000045 
000833 
000972 
000884 
001161 
000150 
000066 
000583 
000096 
000983 
000007 
000658 
000397 
000243 
000860 
000970 
000191 
001162 
000059 
000436 
000796 
000538 
000058 
000467 
000561 
000291 
000171 
000597 
000347 
000837 
000919 
000549 
000372 
000132 
000629 
000505 
000501 
000818 
001077 
000363 
001060 
000780 
000267 
000722 
000124 
001115 
000327 
000429 
000181 
000724 
001085 
000904 
000388 
000765 
000976 
000935 
000234 
000798 
001147 
000554 
000051 
000145 
000652 
001012 
000264 
000752 
000217 
000013 
000509 
000414 
000056 
000766 
000645 
000511 
000672 
000813 
000962 
000637 
000747 
000918 
000847 
000255 
000581 
000808 
000623 
000161 
001020 
000996 
001094 
000256 
000905 
000803 
000914 
000901 
000470 
000878 
000842 
000631 
000401 
000525 
000294 
000900 
000676 
000060 
000154 
000371 
000879 
000685 
000556 
000350 
000082 
000393 
001021 
000699 
001169 
000611 
000194 
000849 
000310 
000526 
000136 
000331 
001104 
000307 
001146 
000137 
000853 
000323 
000170 
000052 
000944 
000690 
000448 
000999 
001046 
000875 
000239 
000407 
000978 
000469 
000022 
000800 
000121 
000807 
000939 
000337 
000379 
000016 
000830 
000405 
000832 
000238 
000757 
000166 
000537 
000226 
000907 
000287 
000844 
000195 
000801 
001130 
000165 
000989 
000080 
000153 
000400 
000281 
000936 
000042 
001166 
001111 
001084 
000698 
000892 
000356 
000897 
000057 
000172 
000369 
000513 
000603 
000643 
001149 
001040 
000726 
001033 
001042 
000555 
000108 
000268 
000212 
000540 
000138 
000913 
000076 
001051 
000933 
001048 
001044 
000063 
001035 
000390 
000050 
001073 
000245 
000439 
000463 
001053 
000130 
000929 
000738 
000206 
000008 
001052 
001138 
000420 
000342 
000009 
001027 
000793 
000846 
000868 
000784 
000732 
000041 
000422 
000948 
000258 
000488 
000995 
000253 
000902 
000856 
000695 
000278 
000595 
000562 
000975 
000030 
000134 
000271 
000573 
000092 
000492 
000290 
001017 
000043 
000091 
000961 
000599 
000299 
001127 
000168 
000409 
000819 
000543 
001026 
000081 
000749 
000024 
000006 
000459 
001000 
000635 
000636 
000402 
000714 
000368 
000835 
000822 
000097 
000529 
000036 
000587 
000630 
000606 
000219 
000220 
000691 
000958 
000946 
000025 
000971 
001086 
000416 
001083 
000053 
000336 
001105 
000812 
000650 
000532 
000786 
000781 
000282 
000531 
000232 
000871 
000960 
001081 
000163 
000345 
000240 
000706 
000715 
000214 
000415 
000199 
000478 
000572 
001032 
000607 
000527 
000456 
000151 
000588 
000864 
000930 
000452 
000305 
001109 
000618 
001074 
001116 
000575 
000731 
000589 
000791 
001139 
000065 
000745 
000037 
000054 
000487 
001108 
000586 
000387 
000986 
000955 
000920 
000354 
000186 
000889 
000653 
000609 
000180 
000804 
000843 
000495 
000985 
000692 
000474 
000917 
000403 
000086 
000447 
000600 
000937 
000997 
000023 
000177 
000908 
001063 
000143 
000462 
000664 
000973 
001134 
000729 
000877 
000088 
000984 
000200 
000855 
000404 
000314 
000296 
001143 
001170 
000565 
001113 
000753 
000192 
000026 
000280 
000979 
000135 
000502 
000289 
000029 
000247 
000965 
000317 
000987 
001114 
000428 
000621 
000517 
000627 
000185 
000874 
001050 
000718 
000608 
000713 
000775 
001135 
000827 
000362 
000848 
001126 
001038 
000544 
001131 
001142 
000262 
000078 
000445 
000198 
000863 
000633 
000663 
000316 
000252 
000367 
000386 
000966 
000254 
000883 
000632 
000866 
000260 
000302 
000125 
001124 
000750 
000590 
000785 
000942 
000339 
000073 
000880 
000398 
000126 
001003 
000758 
000953 
000625 
000521 
000922 
000365 
000012 
000222 
000873 
000941 
000333 
001028 
000178 
000283 
000127 
000870 
001153 
000454 
001049 
001061 
000380 
000101 
000820 
000911 
001066 
000547 
001064 
000147 
000426 
000224 
001095 
000980 
001001 
000499 
000669 
000903 
000867 
001072 
000687 
000079 
001004 
001157 
000190 
000233 
000039 
000925 
000084 
000648 
000373 
000424 
000574 
000649 
000353 
000187 
000806 
000926 
000620 
000977 
000792 
000140 
000828 
000787 
000665 
000584 
000767 
000932 
000286 
000215 
000364 
000018 
000352 
000704 
001065 
000759 
000237 
000358 
000568 
000061 
000003 
000612 
001036 
000615 
000090 
000763 
000174 
000437 
001168 
000304 
001091 
000355 
000654 
000014 
000028 
000031 
000067 
000754 
001120 
000451 
001141 
000450 
000795 
001078 
000520 
000642 
000005 
000284 
000840 
000383 
000272 
000471 
001122 
000011 
001106 
000156 
